# Ocr Results File. Created by GNU Ocrad version 0.16
source file IMG_2468.JPG-tn-250.png.pgm
total text blocks 1
text block 1 0 0 250 188
lines 3
line 1 chars 10 height 22
  2  53  7  9; 1, ','0
  1  46 16  9; 0
 17  35 29 26; 1, ' '0
 46  36 25 27; 2, 'C'1, 'c'0
 73  36 25 26; 1, 'L'0
101  35 28 27; 2, 'O'1, 'o'0
133  35 24 27; 2, 'C'1, 'c'0
160  34 33 27; 1, 'K'0
193  35 30 26; 1, ' '0
223  31 26 27; 0
line 2 chars 8 height 24
 17  72 39 28; 1, 'M'0
 59  72 31 28; 2, 'U'1, 'u'0
 93  71 24 28; 2, 'S'1, 's'0
120  71 27 27; 1, 'E'0
149  71 32 27; 2, 'U'1, 'u'0
183  70 40 27; 1, 'M'0
223  71 25 27; 1, ' '0
248  98  1  5; 1, ','0
line 3 chars 10 height 20
 13 117 18 20; 1, 'T'0
 33 117 21 20; 1, 'Y'0
 56 116 28 21; 1, 'M'0
 86 116 19 20; 1, 'P'0
105 115 20 21; 1, 'E'0
126 115 22 20; 1, 'R'0
149 114 18 21; 1, 'L'0
168 114 20 20; 1, 'E'0
189 113 21 21; 2, 'V'1, 'v'0
212 113 17 21; 2, 'S'1, 's'0
